Tempo,E[N],E[W],Erro_Little,Ocupacao
100.000000,8.781514,1.695273,-0.000000000000048,0.928305
200.000000,8.234784,1.629037,0.000000000000087,0.923862
300.000000,7.538206,1.499643,-0.000000000000399,0.900076
400.000000,6.976252,1.396647,0.000000000000200,0.890160
500.000000,7.049241,1.412108,-0.000000000000529,0.890527
600.000000,7.037825,1.396856,-0.000000000001084,0.890116
700.000000,7.365921,1.475714,-0.000000000002818,0.889665
800.000000,7.170015,1.436517,0.000000000000063,0.891097
900.000000,7.013645,1.405853,0.000000000004133,0.890909
1000.000000,6.854584,1.376423,0.000000000005090,0.888004
1100.000000,8.225229,1.642656,-0.000000000000080,0.896607
1200.000000,8.096223,1.620055,0.000000000002686,0.895045
1300.000000,11.244483,2.224936,0.000000000007054,0.902900
1400.000000,12.067371,2.386203,0.000000000010679,0.908999
1500.000000,11.941394,2.371206,0.000000000011145,0.906562
1600.000000,12.018059,2.385423,0.000000000008123,0.908278
1700.000000,11.614797,2.316963,0.000000000009008,0.902071
1800.000000,11.230481,2.244351,0.000000000016749,0.898568
1900.000000,10.865416,2.171712,0.000000000007136,0.897007
2000.000000,10.699509,2.129467,-0.000000000005844,0.896904
2100.000000,10.395067,2.069945,-0.000000000005736,0.897276
2200.000000,10.175461,2.030662,-0.000000000009145,0.895654
2300.000000,9.918484,1.983179,-0.000000000001810,0.892984
2400.000000,10.337850,2.059162,-0.000000000006210,0.897473
2500.000000,10.275548,2.049208,0.000000000003039,0.898889
2600.000000,10.291418,2.050398,-0.000000000005423,0.900765
2700.000000,10.065275,2.011714,-0.000000000012326,0.896933
2800.000000,10.221502,2.038331,-0.000000000016163,0.899560
2900.000000,10.214035,2.034109,0.000000000000799,0.900104
3000.000000,10.141078,2.024976,-0.000000000009896,0.898925
3100.000000,9.970853,1.989550,-0.000000000031417,0.898610
3200.000000,9.842293,1.966247,-0.000000000006844,0.897036
3300.000000,9.679951,1.937047,-0.000000000010175,0.894617
3400.000000,9.553306,1.912912,0.000000000008848,0.893440
3500.000000,9.476459,1.893993,0.000000000015987,0.893915
3600.000000,9.399873,1.878201,0.000000000019753,0.894550
3700.000000,9.326549,1.863899,0.000000000026089,0.894948
3800.000000,9.290088,1.857333,-0.000000000000542,0.895404
3900.000000,9.305165,1.861510,-0.000000000001100,0.895112
4000.000000,9.358149,1.871817,-0.000000000041396,0.895963
4100.000000,9.327058,1.865503,-0.000000000024949,0.896009
4200.000000,9.216986,1.843309,-0.000000000025860,0.895335
4300.000000,9.149260,1.829171,-0.000000000008763,0.894772
4400.000000,9.115185,1.824198,-0.000000000014621,0.894987
4500.000000,9.041698,1.809949,-0.000000000028283,0.893575
4600.000000,9.010788,1.803177,-0.000000000042954,0.893427
4700.000000,9.032984,1.804984,-0.000000000039229,0.894683
4800.000000,8.953158,1.787726,-0.000000000056740,0.895582
4900.000000,8.866194,1.771720,-0.000000000039563,0.894253
5000.000000,8.750621,1.751105,-0.000000000049340,0.892314
5100.000000,8.681823,1.736705,-0.000000000032145,0.892163
5200.000000,8.780958,1.754639,-0.000000000025766,0.893764
5300.000000,8.746386,1.748222,-0.000000000013989,0.893232
5400.000000,8.685985,1.737969,0.000000000019366,0.892855
5500.000000,8.687486,1.737497,0.000000000004620,0.893169
5600.000000,8.759511,1.751089,0.000000000021549,0.893747
5700.000000,8.696935,1.737253,0.000000000022634,0.893927
5800.000000,8.930188,1.780695,0.000000000033802,0.895761
5900.000000,8.972211,1.788380,0.000000000027786,0.897030
6000.000000,9.157604,1.822288,0.000000000017321,0.898702
6100.000000,9.154955,1.822625,-0.000000000016696,0.899530
6200.000000,9.081540,1.808839,-0.000000000024970,0.898419
6300.000000,9.025082,1.797598,-0.000000000047509,0.898877
6400.000000,9.057660,1.804202,-0.000000000076268,0.899758
6500.000000,8.971357,1.789646,-0.000000000077661,0.897767
6600.000000,8.866701,1.772696,-0.000000000076856,0.895386
6700.000000,8.775124,1.755025,-0.000000000114078,0.894688
6800.000000,8.704011,1.742442,-0.000000000119172,0.893978
6900.000000,8.710888,1.742279,-0.000000000143938,0.894139
7000.000000,8.752055,1.749611,-0.000000000164915,0.894768
7100.000000,8.853894,1.769632,-0.000000000171925,0.895929
7200.000000,8.884961,1.774331,-0.000000000146338,0.896869
7300.000000,8.862876,1.770199,-0.000000000150768,0.897237
7400.000000,8.835934,1.764992,-0.000000000196701,0.896958
7500.000000,8.850311,1.767752,-0.000000000145661,0.897289
7600.000000,8.866865,1.772393,-0.000000000181691,0.897616
7700.000000,8.840912,1.768320,-0.000000000187512,0.896879
7800.000000,8.927079,1.783815,-0.000000000201291,0.897983
7900.000000,8.871131,1.773732,-0.000000000158829,0.897532
8000.000000,8.845084,1.767691,-0.000000000169289,0.897770
8100.000000,8.804611,1.759402,-0.000000000149827,0.898003
8200.000000,8.836499,1.764159,-0.000000000102778,0.898789
8300.000000,8.967706,1.789488,-0.000000000102538,0.899991
8400.000000,8.994524,1.793695,-0.000000000154353,0.900648
8500.000000,8.929726,1.781251,-0.000000000117454,0.900413
8600.000000,8.880825,1.772496,-0.000000000128360,0.900182
8700.000000,8.857854,1.768197,-0.000000000119467,0.899884
8800.000000,8.859654,1.768033,-0.000000000051099,0.899627
8900.000000,8.819706,1.760223,-0.000000000014660,0.899524
9000.000000,8.809387,1.757542,-0.000000000052426,0.899941
9100.000000,8.757593,1.748291,-0.000000000048221,0.899126
9200.000000,8.716074,1.740000,-0.000000000020597,0.898857
9300.000000,8.763442,1.748740,-0.000000000002199,0.899587
9400.000000,8.906680,1.776309,0.000000000016673,0.900568
9500.000000,8.898839,1.775991,-0.000000000012468,0.900488
9600.000000,8.918250,1.779720,-0.000000000021858,0.901050
9700.000000,8.893650,1.774888,0.000000000023100,0.901382
9800.000000,8.908166,1.776955,-0.000000000004837,0.901903
9900.000000,8.878375,1.771452,0.000000000007761,0.901968
10000.000000,8.862531,1.768404,0.000000000010758,0.902465
10100.000000,8.885988,1.771620,0.000000000006109,0.902594
10200.000000,8.921958,1.777942,0.000000000014060,0.902960
10300.000000,8.953797,1.783901,-0.000000000034161,0.903089
10400.000000,8.978716,1.788452,-0.000000000063482,0.903566
10500.000000,9.123006,1.816780,0.000000000024983,0.904322
10600.000000,9.226249,1.837035,-0.000000000056957,0.905134
10700.000000,9.222477,1.836531,0.000000000013857,0.904766
10800.000000,9.198884,1.831738,0.000000000014547,0.904600
10900.000000,9.175861,1.828195,-0.000000000007145,0.904454
11000.000000,9.132516,1.820380,-0.000000000048610,0.904087
11100.000000,9.074997,1.810107,0.000000000046064,0.903277
11200.000000,9.019857,1.799986,0.000000000058607,0.902515
11300.000000,9.047112,1.805460,0.000000000019959,0.902759
11400.000000,9.013361,1.798917,0.000000000010528,0.902877
11500.000000,8.973779,1.792480,-0.000000000026475,0.902363
11600.000000,8.983672,1.793117,0.000000000024336,0.902953
11700.000000,9.211334,1.836678,-0.000000000032118,0.903787
11800.000000,9.252495,1.844528,-0.000000000040476,0.904015
11900.000000,9.237524,1.841501,-0.000000000074030,0.903917
12000.000000,9.201702,1.835049,-0.000000000046549,0.903382
12100.000000,9.195028,1.833128,-0.000000000034403,0.903928
12200.000000,9.174516,1.829026,-0.000000000072614,0.904012
12300.000000,9.167487,1.828028,-0.000000000065191,0.903889
12400.000000,9.180379,1.830967,-0.000000000057728,0.904191
12500.000000,9.459174,1.885319,-0.000000000003441,0.904951
12600.000000,9.513344,1.895658,-0.000000000062100,0.905610
12700.000000,9.552731,1.903741,-0.000000000199334,0.905832
12800.000000,9.505045,1.895471,-0.000000000162823,0.904581
12900.000000,9.477691,1.890584,-0.000000000200501,0.904173
13000.000000,9.442616,1.883915,-0.000000000227951,0.903846
13100.000000,9.401148,1.875705,-0.000000000242833,0.903527
13200.000000,9.434604,1.881447,-0.000000000209623,0.904081
13300.000000,9.413868,1.877269,-0.000000000168773,0.903989
13400.000000,9.377421,1.869290,-0.000000000161526,0.903670
13500.000000,9.348244,1.863575,-0.000000000208830,0.903477
13600.000000,9.310604,1.856578,-0.000000000140034,0.903070
13700.000000,9.286947,1.851362,-0.000000000161668,0.903029
13800.000000,9.277771,1.850245,-0.000000000180529,0.903010
13900.000000,9.388513,1.871939,-0.000000000198845,0.903555
14000.000000,9.365548,1.867348,-0.000000000238938,0.903447
14100.000000,9.325396,1.859961,-0.000000000142956,0.902813
14200.000000,9.325628,1.860017,-0.000000000117140,0.903025
14300.000000,9.295982,1.854347,-0.000000000108797,0.902828
14400.000000,9.257363,1.847137,-0.000000000105052,0.902504
14500.000000,9.261863,1.847785,-0.000000000069214,0.902925
14600.000000,9.222715,1.841314,-0.000000000083999,0.902210
14700.000000,9.194049,1.836037,-0.000000000001213,0.901994
14800.000000,9.234277,1.843940,-0.000000000063567,0.902589
14900.000000,9.219244,1.842019,-0.000000000041796,0.902446
15000.000000,9.202326,1.838945,-0.000000000009646,0.902351
15100.000000,9.239028,1.845996,0.000000000024759,0.902402
15200.000000,9.257881,1.849216,-0.000000000024686,0.902739
15300.000000,9.263386,1.850162,-0.000000000036520,0.903124
15400.000000,9.235023,1.844466,0.000000000078629,0.902843
15500.000000,9.214452,1.841227,0.000000000160822,0.902899
15600.000000,9.195840,1.837590,0.000000000180275,0.902936
15700.000000,9.171434,1.832816,0.000000000249022,0.902536
15800.000000,9.145097,1.827285,0.000000000205578,0.902432
15900.000000,9.150841,1.828443,0.000000000181057,0.902522
16000.000000,9.126580,1.823515,0.000000000186125,0.902512
16100.000000,9.105724,1.819585,0.000000000174511,0.902237
16200.000000,9.104051,1.819193,0.000000000166626,0.902349
16300.000000,9.105125,1.819038,0.000000000218186,0.902591
16400.000000,9.092210,1.817400,0.000000000307907,0.902354
16500.000000,9.060687,1.810535,0.000000000297588,0.902281
16600.000000,9.109973,1.818970,0.000000000301807,0.902649
16700.000000,9.139323,1.824391,0.000000000311525,0.903042
16800.000000,9.119471,1.820924,0.000000000404929,0.902698
16900.000000,9.121841,1.822233,0.000000000529953,0.902653
17000.000000,9.139256,1.825296,0.000000000524588,0.902781
17100.000000,9.129444,1.822946,0.000000000582567,0.902912
17200.000000,9.112193,1.819625,0.000000000663761,0.902710
17300.000000,9.090393,1.815308,0.000000000773809,0.902842
17400.000000,9.055403,1.809687,0.000000000697291,0.902075
17500.000000,9.046287,1.807378,0.000000000705549,0.902071
17600.000000,9.065659,1.810848,0.000000000746329,0.902494
17700.000000,9.054253,1.808521,0.000000000763853,0.902699
17800.000000,9.037721,1.806164,0.000000000769836,0.902542
17900.000000,9.015175,1.802491,0.000000000843382,0.902253
18000.000000,9.020848,1.804149,0.000000000809420,0.902438
18100.000000,9.007090,1.801816,0.000000000788463,0.902181
18200.000000,8.984223,1.797516,0.000000000764453,0.901822
18300.000000,8.952842,1.791704,0.000000000608225,0.901314
18400.000000,8.927799,1.786375,0.000000000629353,0.901209
18500.000000,8.901981,1.781783,0.000000000513081,0.901021
18600.000000,8.883591,1.778516,0.000000000490891,0.900788
18700.000000,8.888203,1.778782,0.000000000420707,0.900808
18800.000000,8.884217,1.778281,0.000000000386683,0.900829
18900.000000,8.851873,1.772325,0.000000000418227,0.900123
19000.000000,8.841375,1.769970,0.000000000385212,0.900158
19100.000000,8.835695,1.768787,0.000000000412117,0.900066
19200.000000,8.838518,1.769528,0.000000000483503,0.900112
19300.000000,8.831498,1.768224,0.000000000488205,0.900114
19400.000000,8.850895,1.771951,0.000000000491417,0.900264
19500.000000,8.831074,1.768301,0.000000000534628,0.899875
19600.000000,8.816927,1.765728,0.000000000540981,0.899767
19700.000000,8.830880,1.768942,0.000000000529500,0.899880
19800.000000,8.811341,1.765425,0.000000000481279,0.899662
19900.000000,8.814342,1.765583,0.000000000539769,0.899852
20000.000000,8.814313,1.765087,0.000000000549578,0.900063
20100.000000,8.794741,1.761367,0.000000000517073,0.900006
20200.000000,8.787643,1.760073,0.000000000597833,0.899895
20300.000000,8.783676,1.759144,0.000000000678433,0.900067
20400.000000,8.754011,1.754569,0.000000000618149,0.899319
20500.000000,8.732633,1.750814,0.000000000614209,0.899005
20600.000000,8.717381,1.747497,0.000000000606684,0.898967
20700.000000,8.743436,1.752650,0.000000000590543,0.899187
20800.000000,8.727759,1.749640,0.000000000587066,0.899134
20900.000000,8.721282,1.747718,0.000000000681069,0.899287
21000.000000,8.719227,1.746940,0.000000000533666,0.899252
21100.000000,8.708044,1.744850,0.000000000554005,0.899216
21200.000000,8.702840,1.744221,0.000000000501432,0.899118
21300.000000,8.681986,1.740843,0.000000000507864,0.898769
21400.000000,8.687913,1.741554,0.000000000360702,0.899012
21500.000000,8.678830,1.739390,0.000000000532863,0.899103
21600.000000,8.687642,1.740897,0.000000000436614,0.899393
21700.000000,8.725035,1.748020,0.000000000324574,0.899680
21800.000000,8.734676,1.749600,0.000000000188566,0.899849
21900.000000,8.710103,1.745368,0.000000000296611,0.899392
22000.000000,8.701195,1.742996,0.000000000217646,0.899366
22100.000000,8.690573,1.740935,0.000000000091505,0.899326
22200.000000,8.679158,1.738808,-0.000000000032465,0.899189
22300.000000,8.663393,1.735792,0.000000000012680,0.898955
22400.000000,8.645533,1.732866,0.000000000010891,0.898819
22500.000000,8.631591,1.730194,-0.000000000151251,0.898644
22600.000000,8.656774,1.735086,-0.000000000264674,0.899045
22700.000000,8.664480,1.736415,-0.000000000314177,0.899225
22800.000000,8.657030,1.735547,-0.000000000288702,0.898972
22900.000000,8.633424,1.730993,-0.000000000233078,0.898599
23000.000000,8.610819,1.727150,-0.000000000173298,0.898058
23100.000000,8.589372,1.723156,-0.000000000177410,0.897724
23200.000000,8.577344,1.720675,-0.000000000083713,0.897499
23300.000000,8.567309,1.718610,0.000000000009541,0.897471
23400.000000,8.583261,1.721449,-0.000000000033127,0.897904
23500.000000,8.578585,1.720021,0.000000000027363,0.898080
23600.000000,8.559207,1.716380,0.000000000045800,0.897722
23700.000000,8.587382,1.721763,0.000000000071124,0.898044
23800.000000,8.583555,1.721021,0.000000000054378,0.898041
23900.000000,8.570184,1.718509,0.000000000023237,0.898012
24000.000000,8.548350,1.714055,0.000000000234413,0.897769
24100.000000,8.534805,1.711591,0.000000000237085,0.897600
24200.000000,8.534238,1.711416,0.000000000335376,0.897642
24300.000000,8.620388,1.728302,0.000000000404157,0.897986
24400.000000,8.642998,1.732661,0.000000000375300,0.898151
24500.000000,8.645288,1.733090,0.000000000348832,0.898145
24600.000000,8.629222,1.729965,0.000000000347672,0.897920
24700.000000,8.613885,1.727014,0.000000000084832,0.897710
24800.000000,8.594314,1.723171,0.000000000228313,0.897393
24900.000000,8.570811,1.719161,0.000000000172928,0.896864
25000.000000,8.559175,1.717206,0.000000000187391,0.896708
25100.000000,8.544901,1.714321,0.000000000276781,0.896574
25200.000000,8.527544,1.710968,0.000000000180725,0.896329
25300.000000,8.562520,1.717323,0.000000000133955,0.896587
25400.000000,8.563353,1.717716,0.000000000027846,0.896733
25500.000000,8.569337,1.718585,-0.000000000182300,0.896874
25600.000000,8.563860,1.717805,-0.000000000268900,0.896790
25700.000000,8.547136,1.714859,-0.000000000388203,0.896606
25800.000000,8.546137,1.714584,-0.000000000266612,0.896385
25900.000000,8.531901,1.711561,-0.000000000412564,0.896259
26000.000000,8.527545,1.710351,-0.000000000530159,0.896397
26100.000000,8.507045,1.706391,-0.000000000449251,0.895978
26200.000000,8.497201,1.704671,-0.000000000361958,0.895969
26300.000000,8.508605,1.706822,-0.000000000320254,0.896346
26400.000000,8.534853,1.711262,-0.000000000296072,0.896624
26500.000000,8.562262,1.716481,-0.000000000276193,0.896960
26600.000000,8.561611,1.716154,-0.000000000278819,0.897021
26700.000000,8.554900,1.714808,-0.000000000292202,0.897087
26800.000000,8.556703,1.714937,-0.000000000221112,0.897269
26900.000000,8.564724,1.716020,-0.000000000293207,0.897426
27000.000000,8.548374,1.712948,-0.000000000320677,0.897238
27100.000000,8.561215,1.715789,-0.000000000307521,0.897420
27200.000000,8.554804,1.714478,-0.000000000403569,0.897422
27300.000000,8.552845,1.713984,-0.000000000454841,0.897416
27400.000000,8.568931,1.716844,-0.000000000386228,0.897718
27500.000000,8.560270,1.715147,-0.000000000462888,0.897678
27600.000000,8.543347,1.712031,-0.000000000450934,0.897449
27700.000000,8.568266,1.716827,-0.000000000441007,0.897526
27800.000000,8.564052,1.716057,-0.000000000399980,0.897557
27900.000000,8.604558,1.723952,-0.000000000460343,0.897910
28000.000000,8.608619,1.724754,-0.000000000547207,0.897844
28100.000000,8.623096,1.727878,-0.000000000569109,0.898011
28200.000000,8.617911,1.726950,-0.000000000484349,0.897969
28300.000000,8.614497,1.726438,-0.000000000481169,0.897957
28400.000000,8.618906,1.727102,-0.000000000381780,0.898021
28500.000000,8.667701,1.736465,-0.000000000392193,0.898297
28600.000000,8.658010,1.734550,-0.000000000232795,0.898232
28700.000000,8.648366,1.732438,-0.000000000141039,0.898212
28800.000000,8.632488,1.729765,-0.000000000280112,0.897807
28900.000000,8.633585,1.730201,-0.000000000169463,0.897846
29000.000000,8.614361,1.726563,-0.000000000202265,0.897434
29100.000000,8.608837,1.725111,-0.000000000346489,0.897649
29200.000000,8.609465,1.725178,-0.000000000288972,0.897776
29300.000000,8.593714,1.722505,-0.000000000235005,0.897553
29400.000000,8.588601,1.721303,-0.000000000338904,0.897476
29500.000000,8.590701,1.722063,-0.000000000616174,0.897500
29600.000000,8.580012,1.720152,-0.000000001030974,0.897443
29700.000000,8.575109,1.718795,-0.000000000914426,0.897548
29800.000000,8.576486,1.719220,-0.000000000913440,0.897474
29900.000000,8.600058,1.723805,-0.000000001111069,0.897614
30000.000000,8.580889,1.720238,-0.000000001191752,0.897200
30100.000000,8.585603,1.720527,-0.000000001321844,0.897378
30200.000000,8.609687,1.724965,-0.000000001055023,0.897587
30300.000000,8.656525,1.734155,-0.000000001184281,0.897772
30400.000000,8.649517,1.732822,-0.000000001530797,0.897760
30500.000000,8.647318,1.732520,-0.000000001407582,0.897871
30600.000000,8.646787,1.731938,-0.000000001437776,0.898059
30700.000000,8.639104,1.730334,-0.000000001260167,0.898118
30800.000000,8.639382,1.730269,-0.000000001025411,0.898328
30900.000000,8.626805,1.728034,-0.000000001152411,0.898265
31000.000000,8.626022,1.727500,-0.000000001267944,0.898444
31100.000000,8.610020,1.724533,-0.000000001214040,0.898240
31200.000000,8.614199,1.724885,-0.000000001355499,0.898392
31300.000000,8.615204,1.725069,-0.000000001273383,0.898326
31400.000000,8.611568,1.724466,-0.000000000776563,0.898271
31500.000000,8.620954,1.726603,-0.000000000767622,0.898249
31600.000000,8.614417,1.725450,-0.000000000837709,0.898131
31700.000000,8.613959,1.725513,-0.000000000899330,0.898290
31800.000000,8.616453,1.726037,-0.000000000921434,0.898488
31900.000000,8.612406,1.725315,-0.000000000929756,0.898620
32000.000000,8.609810,1.725154,-0.000000001214820,0.898403
32100.000000,8.592869,1.722179,-0.000000001298538,0.898162
32200.000000,8.601553,1.723469,-0.000000001316494,0.898300
32300.000000,8.589268,1.721371,-0.000000001453301,0.898122
32400.000000,8.577119,1.719383,-0.000000001451816,0.897864
32500.000000,8.570549,1.718032,-0.000000001485178,0.897794
32600.000000,8.591467,1.722001,-0.000000001380281,0.897956
32700.000000,8.582000,1.720430,-0.000000001406770,0.897983
32800.000000,8.566378,1.717832,-0.000000001316819,0.897685
32900.000000,8.573943,1.719356,-0.000000001352866,0.897803
33000.000000,8.569137,1.718326,-0.000000001697552,0.897815
33100.000000,8.563516,1.717248,-0.000000001752175,0.897875
33200.000000,8.566168,1.717859,-0.000000001593332,0.897896
33300.000000,8.557603,1.716324,-0.000000001544528,0.897876
33400.000000,8.556423,1.716125,-0.000000001335467,0.898020
33500.000000,8.539017,1.713060,-0.000000001167701,0.897680
33600.000000,8.536174,1.712607,-0.000000001259819,0.897776
33700.000000,8.531673,1.711698,-0.000000001215827,0.897693
33800.000000,8.528228,1.711235,-0.000000001160652,0.897587
33900.000000,8.511736,1.708041,-0.000000001252126,0.897228
34000.000000,8.507058,1.707035,-0.000000001291284,0.897279
34100.000000,8.505441,1.706804,-0.000000001315955,0.897217
34200.000000,8.493604,1.704122,-0.000000001173957,0.897191
34300.000000,8.554110,1.715905,-0.000000001230788,0.897491
34400.000000,8.541338,1.713298,-0.000000001345828,0.897376
34500.000000,8.533371,1.711815,-0.000000001187811,0.897387
34600.000000,8.521492,1.709605,-0.000000001039437,0.897197
34700.000000,8.510382,1.707519,-0.000000000980643,0.897139
34800.000000,8.513581,1.708224,-0.000000000949175,0.897209
34900.000000,8.509653,1.707331,-0.000000000961046,0.897201
35000.000000,8.506974,1.706955,-0.000000000842116,0.897147
35100.000000,8.501055,1.705966,-0.000000000859307,0.897083
35200.000000,8.507325,1.706906,-0.000000000787828,0.897111
35300.000000,8.494158,1.704316,-0.000000000717321,0.896917
35400.000000,8.484662,1.702492,-0.000000000739824,0.896881
35500.000000,8.493067,1.704124,-0.000000000628615,0.896977
35600.000000,8.479346,1.701787,-0.000000000568319,0.896665
35700.000000,8.473760,1.700783,-0.000000000674067,0.896589
35800.000000,8.463847,1.698901,-0.000000000447152,0.896557
35900.000000,8.453510,1.697065,-0.000000000340449,0.896473
36000.000000,8.451541,1.696822,-0.000000000095323,0.896385
