Tempo,E[N],E[W],Erro_Little,Ocupacao
100.000000,3.851389,0.756658,0.000000000000145,0.809096
200.000000,3.780087,0.747053,-0.000000000000207,0.824185
300.000000,3.479254,0.682207,0.000000000000457,0.823166
400.000000,3.868267,0.766753,0.000000000000891,0.812753
500.000000,4.062275,0.805687,0.000000000000977,0.806521
600.000000,3.778639,0.753718,-0.000000000001543,0.789268
700.000000,3.721255,0.747669,-0.000000000002224,0.786742
800.000000,3.935058,0.788589,-0.000000000003453,0.792127
900.000000,3.747534,0.753862,-0.000000000003798,0.787166
1000.000000,3.641482,0.734170,-0.000000000004150,0.782038
1100.000000,3.705344,0.746088,-0.000000000005027,0.785625
1200.000000,3.687589,0.744216,-0.000000000006312,0.783342
1300.000000,3.653226,0.735055,0.000000000000637,0.781632
1400.000000,3.570179,0.718966,0.000000000006012,0.778690
1500.000000,3.558215,0.719316,0.000000000011167,0.779313
1600.000000,3.469369,0.702390,0.000000000008880,0.775108
1700.000000,3.598464,0.728781,0.000000000020872,0.777849
1800.000000,3.633506,0.735032,0.000000000021732,0.780379
1900.000000,3.620864,0.732188,0.000000000006963,0.780638
2000.000000,3.707516,0.745529,0.000000000011792,0.782253
2100.000000,3.807279,0.762109,0.000000000002718,0.786581
2200.000000,3.801065,0.763824,0.000000000010710,0.785541
2300.000000,3.770436,0.757645,0.000000000016020,0.785932
2400.000000,3.769510,0.757056,0.000000000020520,0.785705
2500.000000,3.714842,0.748417,0.000000000026610,0.784000
2600.000000,3.740006,0.751470,0.000000000022121,0.787471
2700.000000,3.696783,0.744263,0.000000000030793,0.786526
2800.000000,3.692820,0.742915,0.000000000025088,0.785818
2900.000000,3.659069,0.736640,0.000000000029065,0.785342
3000.000000,3.626965,0.731096,0.000000000030584,0.783677
3100.000000,3.620687,0.729266,0.000000000013077,0.784224
3200.000000,3.608848,0.727866,0.000000000009340,0.783590
3300.000000,3.592042,0.724158,-0.000000000000031,0.783537
3400.000000,3.605480,0.726179,0.000000000012389,0.784499
3500.000000,3.579714,0.720762,0.000000000007925,0.782964
3600.000000,3.538871,0.713522,-0.000000000000054,0.780870
3700.000000,3.570949,0.719479,0.000000000005618,0.783000
3800.000000,3.541287,0.714727,-0.000000000006036,0.782091
3900.000000,3.593841,0.723779,-0.000000000012116,0.785307
4000.000000,3.576624,0.720005,0.000000000004234,0.785363
4100.000000,3.544732,0.714629,-0.000000000003907,0.784306
4200.000000,3.527836,0.711018,0.000000000052882,0.784588
4300.000000,3.532508,0.711465,0.000000000075148,0.784916
4400.000000,3.504366,0.706622,0.000000000079643,0.783516
4500.000000,3.520374,0.708927,0.000000000089991,0.784450
4600.000000,3.508817,0.706710,0.000000000081763,0.783710
4700.000000,3.574965,0.718940,0.000000000056440,0.785024
4800.000000,3.566078,0.717340,0.000000000042697,0.784485
4900.000000,3.551776,0.714438,0.000000000028352,0.783695
5000.000000,3.521977,0.710047,0.000000000025713,0.781535
5100.000000,3.503046,0.706343,0.000000000045921,0.780573
5200.000000,3.531788,0.711502,0.000000000060655,0.781750
5300.000000,3.520779,0.709430,0.000000000064663,0.781283
5400.000000,3.508169,0.707239,0.000000000076231,0.781413
5500.000000,3.500992,0.705328,0.000000000077410,0.781878
5600.000000,3.509381,0.707027,0.000000000061395,0.782549
5700.000000,3.509323,0.706650,0.000000000080346,0.782954
5800.000000,3.532562,0.710506,0.000000000092184,0.783648
5900.000000,3.535306,0.710869,0.000000000086748,0.784007
6000.000000,3.512484,0.706216,0.000000000063415,0.783162
6100.000000,3.520041,0.707394,0.000000000081375,0.784203
6200.000000,3.518265,0.706960,0.000000000087971,0.784593
6300.000000,3.551511,0.713291,0.000000000084861,0.786422
6400.000000,3.555956,0.714047,0.000000000120728,0.786740
6500.000000,3.539755,0.711102,0.000000000114309,0.786304
6600.000000,3.540951,0.712074,0.000000000161868,0.786308
6700.000000,3.520258,0.708110,0.000000000166754,0.785808
6800.000000,3.514432,0.707192,0.000000000177411,0.786043
6900.000000,3.513292,0.706632,0.000000000175366,0.786424
7000.000000,3.509982,0.705848,0.000000000207190,0.786333
7100.000000,3.538092,0.711507,0.000000000228835,0.786595
7200.000000,3.536759,0.711065,0.000000000207344,0.786988
7300.000000,3.567566,0.716911,0.000000000225560,0.787933
7400.000000,3.554606,0.714960,0.000000000304713,0.786733
7500.000000,3.572082,0.718266,0.000000000254928,0.787299
7600.000000,3.595555,0.722839,0.000000000245139,0.788204
7700.000000,3.578799,0.720043,0.000000000289975,0.787328
7800.000000,3.579208,0.719958,0.000000000306958,0.788208
7900.000000,3.614400,0.726522,0.000000000284631,0.788913
8000.000000,3.668482,0.736680,0.000000000335783,0.789926
8100.000000,3.691503,0.741155,0.000000000339077,0.790705
8200.000000,3.677812,0.738390,0.000000000373964,0.790038
8300.000000,3.677379,0.738304,0.000000000335115,0.790027
8400.000000,3.669545,0.736856,0.000000000341588,0.789426
8500.000000,3.669347,0.736834,0.000000000280441,0.789489
8600.000000,3.669309,0.736912,0.000000000184204,0.790059
8700.000000,3.665027,0.736000,0.000000000091913,0.790539
8800.000000,3.667251,0.736077,0.000000000100093,0.790810
8900.000000,3.658760,0.734111,0.000000000091835,0.790729
9000.000000,3.663245,0.734870,0.000000000117098,0.791437
9100.000000,3.652542,0.732634,0.000000000104416,0.791144
9200.000000,3.661033,0.734394,0.000000000097231,0.791318
9300.000000,3.657007,0.733737,0.000000000156991,0.791378
9400.000000,3.642757,0.731243,0.000000000141219,0.790573
9500.000000,3.634508,0.729960,0.000000000151536,0.790169
9600.000000,3.669084,0.736748,0.000000000163635,0.790795
9700.000000,3.690192,0.741232,0.000000000190691,0.790966
9800.000000,3.698059,0.742536,0.000000000168079,0.791223
9900.000000,3.704821,0.743774,0.000000000207435,0.791860
10000.000000,3.713657,0.745699,0.000000000225584,0.792328
10100.000000,3.728892,0.748283,0.000000000207007,0.792623
10200.000000,3.721928,0.746596,0.000000000197865,0.792723
10300.000000,3.716312,0.745375,0.000000000227362,0.792670
10400.000000,3.721708,0.746121,0.000000000230872,0.792899
10500.000000,3.726458,0.746857,0.000000000247248,0.793511
10600.000000,3.731682,0.747917,0.000000000345253,0.794176
10700.000000,3.741441,0.749788,0.000000000344730,0.794321
10800.000000,3.736131,0.748932,0.000000000311709,0.793808
10900.000000,3.729061,0.747595,0.000000000262305,0.793766
11000.000000,3.724920,0.747157,0.000000000268557,0.793712
11100.000000,3.714015,0.745260,0.000000000302232,0.793338
11200.000000,3.707055,0.743882,0.000000000346973,0.793194
11300.000000,3.748549,0.752079,0.000000000274983,0.793694
11400.000000,3.759640,0.754204,0.000000000339070,0.794119
11500.000000,3.748974,0.752372,0.000000000360174,0.793851
11600.000000,3.750051,0.752853,0.000000000433382,0.793912
11700.000000,3.764024,0.755245,0.000000000491347,0.794481
11800.000000,3.752072,0.752749,0.000000000507895,0.793780
11900.000000,3.755291,0.753350,0.000000000479919,0.793766
12000.000000,3.747915,0.751713,0.000000000477818,0.793596
12100.000000,3.735131,0.749554,0.000000000448813,0.793235
12200.000000,3.730803,0.748590,0.000000000490497,0.793368
12300.000000,3.720850,0.746610,0.000000000474245,0.793247
12400.000000,3.714594,0.745371,0.000000000447119,0.793559
12500.000000,3.725950,0.747642,0.000000000425495,0.793910
12600.000000,3.717986,0.746239,0.000000000370879,0.793799
12700.000000,3.740080,0.750296,0.000000000395984,0.794666
12800.000000,3.744694,0.751369,0.000000000367463,0.794654
12900.000000,3.732626,0.749173,0.000000000381761,0.794005
13000.000000,3.741059,0.750764,0.000000000388658,0.794112
13100.000000,3.739907,0.750514,0.000000000330922,0.794283
13200.000000,3.738746,0.749931,0.000000000348714,0.794635
13300.000000,3.737402,0.749566,0.000000000360725,0.794691
13400.000000,3.730504,0.747831,0.000000000279459,0.794791
13500.000000,3.726150,0.747001,0.000000000252540,0.794069
13600.000000,3.748802,0.751219,0.000000000296098,0.794602
13700.000000,3.743573,0.750226,0.000000000321220,0.794638
13800.000000,3.738526,0.749204,0.000000000278817,0.794350
13900.000000,3.741159,0.749872,0.000000000284509,0.794902
14000.000000,3.741978,0.750067,0.000000000264775,0.794761
14100.000000,3.740163,0.749691,0.000000000275951,0.794717
14200.000000,3.741021,0.749778,0.000000000331920,0.794658
14300.000000,3.737856,0.749300,0.000000000276091,0.794933
14400.000000,3.736104,0.748791,0.000000000271071,0.795175
14500.000000,3.768157,0.754964,0.000000000234130,0.795964
14600.000000,3.766905,0.754777,0.000000000255125,0.796013
14700.000000,3.766888,0.754887,0.000000000264692,0.796157
14800.000000,3.766919,0.754986,0.000000000335394,0.796222
14900.000000,3.758771,0.753910,0.000000000230629,0.795807
15000.000000,3.757237,0.753850,0.000000000010837,0.795755
15100.000000,3.749654,0.752432,0.000000000004142,0.795646
15200.000000,3.778054,0.757664,0.000000000078606,0.796356
15300.000000,3.777769,0.757564,-0.000000000088948,0.796434
15400.000000,3.778382,0.757763,-0.000000000026896,0.796450
15500.000000,3.777686,0.757659,0.000000000013276,0.796250
15600.000000,3.776713,0.757693,0.000000000086778,0.796351
15700.000000,3.768908,0.756074,0.000000000046222,0.796233
15800.000000,3.767603,0.756076,-0.000000000009106,0.795669
15900.000000,3.762464,0.755038,0.000000000082195,0.795288
16000.000000,3.782034,0.758759,0.000000000106279,0.795771
16100.000000,3.798163,0.761942,0.000000000174884,0.796186
16200.000000,3.798122,0.761684,0.000000000203765,0.796195
16300.000000,3.790045,0.760351,0.000000000263878,0.795761
16400.000000,3.777041,0.758219,0.000000000249065,0.794867
16500.000000,3.771854,0.757410,0.000000000282867,0.794729
16600.000000,3.764199,0.755763,0.000000000209763,0.794377
16700.000000,3.763622,0.755357,0.000000000309279,0.794324
16800.000000,3.769885,0.756201,0.000000000356946,0.794845
16900.000000,3.769604,0.756302,0.000000000372463,0.795030
17000.000000,3.776744,0.757720,0.000000000447273,0.795497
17100.000000,3.775866,0.757485,0.000000000325900,0.795458
17200.000000,3.778867,0.757844,0.000000000326298,0.795428
17300.000000,3.773071,0.756933,0.000000000356765,0.795287
17400.000000,3.781018,0.758418,0.000000000319252,0.795502
17500.000000,3.780964,0.758551,0.000000000271684,0.795580
17600.000000,3.780313,0.758303,0.000000000195306,0.795498
17700.000000,3.776475,0.757615,0.000000000198051,0.795113
17800.000000,3.771776,0.757018,0.000000000245732,0.794879
17900.000000,3.775572,0.757985,0.000000000284046,0.795091
18000.000000,3.767868,0.756811,0.000000000330628,0.794854
18100.000000,3.774367,0.758258,0.000000000338325,0.795069
18200.000000,3.765528,0.756915,0.000000000375854,0.794260
18300.000000,3.765920,0.756848,0.000000000457951,0.794448
18400.000000,3.763400,0.756314,0.000000000351499,0.794298
18500.000000,3.772269,0.757895,0.000000000294004,0.794458
18600.000000,3.770739,0.757676,0.000000000302579,0.794729
18700.000000,3.767961,0.757074,0.000000000334193,0.794815
18800.000000,3.763725,0.756026,0.000000000380502,0.794830
18900.000000,3.774867,0.758086,0.000000000349129,0.795143
19000.000000,3.768639,0.757075,0.000000000443527,0.794748
19100.000000,3.769336,0.757030,0.000000000311734,0.794842
19200.000000,3.770019,0.757167,0.000000000293872,0.794971
19300.000000,3.766438,0.756636,0.000000000288582,0.794833
19400.000000,3.759772,0.755483,0.000000000286418,0.794553
19500.000000,3.768791,0.757043,0.000000000334252,0.794808
19600.000000,3.774244,0.758144,0.000000000326414,0.794950
19700.000000,3.776072,0.758611,0.000000000223724,0.794833
19800.000000,3.769995,0.757796,0.000000000243909,0.794468
19900.000000,3.777485,0.759144,0.000000000323210,0.794788
20000.000000,3.786491,0.760576,0.000000000312994,0.795180
20100.000000,3.783093,0.759999,0.000000000358242,0.795085
20200.000000,3.788321,0.760760,0.000000000380162,0.795495
20300.000000,3.791246,0.761325,0.000000000421823,0.795667
20400.000000,3.786667,0.760667,0.000000000425377,0.795442
20500.000000,3.791982,0.761800,0.000000000394263,0.795726
20600.000000,3.794236,0.762289,0.000000000379145,0.795852
20700.000000,3.804476,0.764151,0.000000000424592,0.796170
20800.000000,3.804183,0.764062,0.000000000411421,0.796334
20900.000000,3.818718,0.766619,0.000000000500170,0.796544
21000.000000,3.862359,0.775063,0.000000000393179,0.796947
21100.000000,3.862950,0.775110,0.000000000353618,0.797019
21200.000000,3.863404,0.775409,0.000000000357384,0.797003
21300.000000,3.869181,0.776644,0.000000000343841,0.797173
21400.000000,3.864233,0.775645,0.000000000359874,0.797043
21500.000000,3.862181,0.775148,0.000000000285692,0.797084
21600.000000,3.869517,0.776470,0.000000000213825,0.797316
21700.000000,3.862969,0.775280,0.000000000282528,0.797083
21800.000000,3.868883,0.776205,0.000000000125251,0.797163
21900.000000,3.869117,0.776262,0.000000000070889,0.797361
22000.000000,3.865030,0.775353,-0.000000000108602,0.797349
22100.000000,3.864363,0.775174,-0.000000000311935,0.797392
22200.000000,3.866340,0.775469,-0.000000000443091,0.797458
22300.000000,3.866338,0.775444,-0.000000000578833,0.797474
22400.000000,3.867206,0.775734,-0.000000000655815,0.797549
22500.000000,3.860764,0.774714,-0.000000000793960,0.797150
22600.000000,3.864284,0.775437,-0.000000001033461,0.797213
22700.000000,3.860926,0.774717,-0.000000001072729,0.797216
22800.000000,3.859390,0.774521,-0.000000001019156,0.797315
22900.000000,3.854758,0.773675,-0.000000000949693,0.797168
23000.000000,3.864337,0.775524,-0.000000000879049,0.797463
23100.000000,3.859089,0.774453,-0.000000000778294,0.797350
23200.000000,3.857080,0.773965,-0.000000000682238,0.797346
23300.000000,3.856420,0.773868,-0.000000000789537,0.797295
23400.000000,3.858111,0.774143,-0.000000000845032,0.797396
23500.000000,3.859999,0.774306,-0.000000000698257,0.797555
23600.000000,3.853784,0.773181,-0.000000000649131,0.797250
23700.000000,3.848243,0.772268,-0.000000000478911,0.797071
23800.000000,3.857879,0.773917,-0.000000000373665,0.797353
23900.000000,3.855289,0.773472,-0.000000000247462,0.797349
24000.000000,3.848700,0.772179,-0.000000000197472,0.797063
24100.000000,3.842317,0.771042,-0.000000000210810,0.796780
24200.000000,3.835817,0.770040,-0.000000000306023,0.796471
24300.000000,3.844938,0.771693,-0.000000000229766,0.796577
24400.000000,3.840678,0.770941,-0.000000000315881,0.796398
24500.000000,3.843916,0.771415,-0.000000000394916,0.796581
24600.000000,3.845958,0.771638,-0.000000000362646,0.796839
24700.000000,3.842607,0.770956,-0.000000000256869,0.796920
24800.000000,3.846276,0.771489,-0.000000000180898,0.796999
24900.000000,3.841744,0.770751,-0.000000000141255,0.796820
25000.000000,3.851545,0.772838,-0.000000000144092,0.796895
25100.000000,3.851709,0.772675,-0.000000000194003,0.797102
25200.000000,3.848643,0.772112,-0.000000000201092,0.796899
25300.000000,3.856436,0.773550,-0.000000000259821,0.796998
25400.000000,3.850439,0.772429,-0.000000000170686,0.796912
25500.000000,3.853759,0.773080,-0.000000000135734,0.796972
25600.000000,3.849515,0.772347,-0.000000000024370,0.796740
25700.000000,3.851717,0.772827,0.000000000009783,0.796896
25800.000000,3.852763,0.772955,-0.000000000144637,0.796804
25900.000000,3.849456,0.772169,-0.000000000265788,0.796779
26000.000000,3.848231,0.771783,-0.000000000171664,0.796891
26100.000000,3.848365,0.771589,-0.000000000209138,0.797032
26200.000000,3.851187,0.772165,-0.000000000293883,0.797113
26300.000000,3.853543,0.772777,-0.000000000333812,0.797333
26400.000000,3.854607,0.772824,-0.000000000293531,0.797200
26500.000000,3.856471,0.773243,-0.000000000285799,0.797042
26600.000000,3.860030,0.773845,-0.000000000207259,0.797205
26700.000000,3.857031,0.773399,-0.000000000222406,0.796991
26800.000000,3.857743,0.773309,-0.000000000067449,0.797146
26900.000000,3.861382,0.773905,-0.000000000106720,0.797253
27000.000000,3.859694,0.773589,-0.000000000181756,0.797172
27100.000000,3.868808,0.775547,-0.000000000172951,0.797274
27200.000000,3.873588,0.776413,-0.000000000209052,0.797480
27300.000000,3.869635,0.775660,-0.000000000180546,0.797397
27400.000000,3.870985,0.775851,-0.000000000065741,0.797506
27500.000000,3.870256,0.775602,-0.000000000025870,0.797610
27600.000000,3.871614,0.775931,-0.000000000048348,0.797562
27700.000000,3.867171,0.775096,0.000000000027990,0.797365
27800.000000,3.867211,0.775082,0.000000000105054,0.797519
27900.000000,3.861606,0.774180,0.000000000012049,0.797172
28000.000000,3.858255,0.773519,0.000000000005441,0.797152
28100.000000,3.861016,0.774098,0.000000000074959,0.797357
28200.000000,3.860883,0.774071,0.000000000011843,0.797376
28300.000000,3.888797,0.779544,0.000000000027716,0.797833
28400.000000,3.884915,0.778732,-0.000000000015059,0.797744
28500.000000,3.884192,0.778554,-0.000000000096544,0.797656
28600.000000,3.887411,0.779160,-0.000000000000625,0.797620
28700.000000,3.896366,0.780851,-0.000000000062883,0.797845
28800.000000,3.896107,0.780756,-0.000000000098698,0.797926
28900.000000,3.894077,0.780495,-0.000000000124033,0.797847
29000.000000,3.892972,0.780273,-0.000000000149656,0.797694
29100.000000,3.889007,0.779510,-0.000000000209436,0.797483
29200.000000,3.888609,0.779328,-0.000000000234871,0.797644
29300.000000,3.885048,0.778870,-0.000000000265738,0.797499
29400.000000,3.895000,0.780699,-0.000000000029817,0.797622
29500.000000,3.899110,0.781698,-0.000000000123257,0.797553
29600.000000,3.896197,0.781277,-0.000000000142851,0.797388
29700.000000,3.892048,0.780496,-0.000000000053730,0.797147
29800.000000,3.903125,0.782674,-0.000000000053155,0.797270
29900.000000,3.898148,0.781774,0.000000000037091,0.796939
30000.000000,3.908230,0.783568,0.000000000090383,0.797328
30100.000000,3.905105,0.782711,0.000000000289618,0.797369
30200.000000,3.911869,0.783931,0.000000000466299,0.797575
30300.000000,3.913492,0.784168,0.000000000616817,0.797781
30400.000000,3.911382,0.783720,0.000000000628881,0.797701
30500.000000,3.920667,0.785591,0.000000000600188,0.797928
30600.000000,3.913259,0.784246,0.000000000546091,0.797587
30700.000000,3.911600,0.783801,0.000000000835673,0.797674
30800.000000,3.906583,0.782892,0.000000000831589,0.797472
30900.000000,3.905466,0.782674,0.000000000846231,0.797562
31000.000000,3.910520,0.783600,0.000000000829859,0.797760
31100.000000,3.912024,0.783862,0.000000000628291,0.797807
31200.000000,3.914561,0.784154,0.000000000830070,0.797908
31300.000000,3.910022,0.783321,0.000000000824881,0.797764
31400.000000,3.905684,0.782522,0.000000000749842,0.797606
31500.000000,3.906883,0.782743,0.000000000574201,0.797870
31600.000000,3.910891,0.783512,0.000000000661277,0.797920
31700.000000,3.907624,0.783136,0.000000000760222,0.797780
31800.000000,3.906145,0.782938,0.000000000570358,0.797700
31900.000000,3.912520,0.784215,0.000000000555961,0.797968
32000.000000,3.907919,0.783395,0.000000000438206,0.797872
32100.000000,3.902595,0.782449,0.000000000325011,0.797714
32200.000000,3.898260,0.781540,0.000000000479957,0.797620
32300.000000,3.897799,0.781490,0.000000000352717,0.797626
32400.000000,3.894296,0.780985,0.000000000485952,0.797381
32500.000000,3.897130,0.781475,0.000000000566159,0.797521
32600.000000,3.895855,0.781179,0.000000000345290,0.797554
32700.000000,3.904626,0.782922,0.000000000249824,0.797811
32800.000000,3.902845,0.782726,0.000000000427244,0.797814
32900.000000,3.897849,0.781780,0.000000000346136,0.797765
33000.000000,3.895976,0.781426,0.000000000396006,0.797752
33100.000000,3.897214,0.781596,0.000000000339742,0.797946
33200.000000,3.894935,0.781227,0.000000000120207,0.797916
33300.000000,3.892548,0.780789,0.000000000095081,0.797913
33400.000000,3.892425,0.780823,0.000000000062860,0.797906
33500.000000,3.897632,0.781823,0.000000000342256,0.798119
33600.000000,3.898195,0.782022,0.000000000485568,0.798218
33700.000000,3.897045,0.781747,0.000000000433135,0.798227
33800.000000,3.902493,0.782754,0.000000000502029,0.798448
33900.000000,3.904970,0.783078,0.000000000289952,0.798600
34000.000000,3.906659,0.783470,0.000000000252260,0.798487
34100.000000,3.908011,0.783777,0.000000000322938,0.798437
34200.000000,3.909384,0.783848,0.000000000441781,0.798604
34300.000000,3.907151,0.783394,0.000000000429650,0.798466
34400.000000,3.912125,0.784258,0.000000000543639,0.798625
34500.000000,3.916035,0.784973,0.000000000595238,0.798879
34600.000000,3.918575,0.785458,0.000000000720404,0.798967
34700.000000,3.914988,0.784816,0.000000000551203,0.798986
34800.000000,3.921746,0.786157,0.000000000601625,0.799037
34900.000000,3.920144,0.785821,0.000000000689810,0.799031
35000.000000,3.918922,0.785629,0.000000000720188,0.798949
35100.000000,3.924162,0.786688,0.000000000641257,0.798991
35200.000000,3.924458,0.786559,0.000000000609266,0.799147
35300.000000,3.920527,0.785820,0.000000000716091,0.798906
35400.000000,3.923072,0.786311,0.000000000621605,0.798941
35500.000000,3.922590,0.786290,0.000000000730592,0.798885
35600.000000,3.919078,0.785665,0.000000000760153,0.798789
35700.000000,3.919485,0.785688,0.000000000914417,0.798902
35800.000000,3.960848,0.793806,0.000000000891993,0.799340
35900.000000,3.957851,0.793493,0.000000000906989,0.799190
36000.000000,3.954657,0.792746,0.000000001121851,0.799052
