Tempo,E[N],E[W],Erro_Little,Ocupacao
100.000000,202.961898,1.219210,-0.000000000027853,0.148588
200.000000,160.623916,0.957006,0.000000000054399,0.150831
300.000000,163.082126,0.660608,0.000000000209013,0.232686
400.000000,273.443701,0.857668,-0.000000000139607,0.314814
500.000000,397.089888,1.151673,-0.000000000186731,0.343466
600.000000,410.141213,1.190904,-0.000000000746866,0.352684
700.000000,455.645595,1.316101,-0.000000000310536,0.359201
800.000000,446.087171,1.319785,0.000000000125851,0.349468
900.000000,486.051656,1.480546,0.000000000875445,0.338820
1000.000000,451.260093,1.448570,0.000000002233207,0.319728
1100.000000,470.841622,1.548196,0.000000004254332,0.311838
1200.000000,515.449730,1.681788,0.000000000962132,0.313985
1300.000000,570.755878,1.824914,0.000000001763851,0.318084
1400.000000,539.721229,1.742586,0.000000003502237,0.315081
1500.000000,542.918504,1.764705,-0.000000002513957,0.312372
1600.000000,524.988235,1.735326,0.000000001397098,0.306888
1700.000000,505.847039,1.690635,0.000000001829392,0.304122
1800.000000,508.249779,1.712515,0.000000003303910,0.302052
1900.000000,518.631958,1.768814,0.000000004243020,0.298301
2000.000000,537.443571,1.826101,0.000000000603450,0.299538
2100.000000,511.917913,1.757937,0.000000000906937,0.297570
2200.000000,581.964769,2.019994,-0.000000002037496,0.293320
2300.000000,602.978849,2.079362,-0.000000000181785,0.295638
2400.000000,593.203479,2.052655,0.000000004197545,0.295769
2500.000000,573.845322,2.007471,0.000000004648086,0.292050
2600.000000,568.422751,1.983270,0.000000007915787,0.292582
2700.000000,578.827761,2.013158,0.000000000150976,0.293470
2800.000000,565.501933,1.979084,0.000000001884700,0.291417
2900.000000,556.228441,1.961693,0.000000003629566,0.288991
3000.000000,547.618425,1.940375,0.000000008303687,0.287303
3100.000000,550.664973,1.967343,0.000000009190899,0.284634
3200.000000,533.461639,1.933999,0.000000015334081,0.280234
3300.000000,532.354522,1.943370,0.000000020468860,0.278046
3400.000000,525.397857,1.912178,0.000000028230943,0.278131
3500.000000,537.611524,1.944902,0.000000026621137,0.278410
3600.000000,547.219356,1.997119,0.000000025645704,0.275582
3700.000000,554.511542,2.037736,0.000000026848738,0.273039
3800.000000,544.776582,1.983783,0.000000020935317,0.276090
3900.000000,552.721793,2.010062,0.000000022807967,0.276470
4000.000000,547.332913,1.995119,0.000000020968855,0.275753
4100.000000,555.523931,2.032856,0.000000021564915,0.273661
4200.000000,542.300911,2.005946,0.000000016483568,0.270547
4300.000000,535.901074,1.987613,0.000000020177822,0.269776
4400.000000,538.729617,1.985365,0.000000024368546,0.272032
4500.000000,540.628845,2.001341,0.000000009810378,0.270465
4600.000000,536.819979,1.990922,0.000000017504362,0.270096
4700.000000,535.028966,1.990810,0.000000017965363,0.269641
4800.000000,536.375645,1.985120,0.000000016993340,0.272070
4900.000000,539.818640,1.973825,0.000000021935080,0.275811
5000.000000,540.799282,1.966806,0.000000012156647,0.277552
5100.000000,531.511131,1.949076,0.000000014724606,0.275013
5200.000000,525.853989,1.936680,0.000000016832360,0.273851
5300.000000,516.640669,1.901821,0.000000016132844,0.275060
5400.000000,540.824513,1.980122,0.000000019166578,0.275933
5500.000000,550.796388,1.998793,0.000000020357447,0.277947
5600.000000,549.327825,1.963354,0.000000015069872,0.281701
5700.000000,545.037304,1.915418,-0.000000001781132,0.286805
5800.000000,538.101074,1.871216,0.000000014240413,0.291324
5900.000000,537.497918,1.866891,0.000000017988214,0.292290
6000.000000,537.487828,1.869269,0.000000015987553,0.292359
6100.000000,530.278718,1.847464,0.000000021304459,0.291814
6200.000000,529.615290,1.835228,0.000000046099672,0.293878
6300.000000,533.689665,1.838930,0.000000045743832,0.295783
6400.000000,526.446611,1.814420,0.000000059744707,0.295435
6500.000000,521.574133,1.809566,0.000000071349746,0.293226
6600.000000,519.499844,1.803124,0.000000055652549,0.292730
6700.000000,515.977851,1.788647,0.000000052912014,0.292686
6800.000000,559.799276,1.940052,0.000000066331154,0.292208
6900.000000,552.642904,1.925960,0.000000061828473,0.290436
7000.000000,548.322827,1.920213,0.000000055226451,0.288912
7100.000000,541.817591,1.907479,0.000000046784066,0.287261
7200.000000,542.850142,1.917441,0.000000044754188,0.286196
7300.000000,536.258046,1.903128,0.000000046464947,0.284895
7400.000000,534.430327,1.889221,0.000000043897444,0.286563
7500.000000,529.552229,1.867882,0.000000038085432,0.286985
7600.000000,538.568420,1.900362,0.000000036554979,0.286523
7700.000000,538.187313,1.885015,0.000000047104550,0.288372
7800.000000,536.730487,1.870831,0.000000062786512,0.290254
7900.000000,534.412392,1.847000,0.000000027947522,0.292950
8000.000000,530.314625,1.821479,0.000000008350980,0.294935
8100.000000,525.362023,1.802693,0.000000028721161,0.295558
8200.000000,524.604019,1.793507,0.000000022149720,0.296325
8300.000000,526.172648,1.800159,0.000000003252580,0.296000
8400.000000,521.573486,1.789019,0.000000001403919,0.295364
8500.000000,521.817242,1.787844,-0.000000005576794,0.296002
8600.000000,517.097501,1.767110,-0.000000028305294,0.296760
8700.000000,515.783477,1.765819,-0.000000018726610,0.296238
8800.000000,510.934974,1.752462,-0.000000015446972,0.295819
8900.000000,510.273672,1.745260,-0.000000016795241,0.296890
9000.000000,512.284227,1.740799,-0.000000019835738,0.298195
9100.000000,513.604653,1.736082,-0.000000018148057,0.300489
9200.000000,520.252275,1.753465,-0.000000036615688,0.301804
9300.000000,526.668386,1.775978,-0.000000056287377,0.301765
9400.000000,524.589950,1.769597,-0.000000037024734,0.301815
9500.000000,526.796726,1.776831,-0.000000038945245,0.301839
9600.000000,530.277300,1.789393,-0.000000022072413,0.301892
9700.000000,535.482596,1.804377,0.000000002154366,0.302657
9800.000000,531.762656,1.792579,0.000000008868142,0.302902
9900.000000,536.644777,1.812775,-0.000000010760004,0.302059
10000.000000,533.003997,1.804799,0.000000009863356,0.301180
10100.000000,531.882371,1.805419,0.000000013654358,0.300398
10200.000000,527.998077,1.795562,-0.000000003314881,0.300084
10300.000000,532.347384,1.817131,-0.000000005977654,0.298728
10400.000000,536.868815,1.833459,0.000000004445042,0.298388
10500.000000,537.857240,1.843133,0.000000015908427,0.297251
10600.000000,535.101215,1.840260,0.000000017434672,0.295995
10700.000000,535.087372,1.843219,-0.000000001882995,0.295531
10800.000000,537.315033,1.853681,0.000000002311253,0.294964
10900.000000,537.439938,1.856964,0.000000012689384,0.294488
11000.000000,543.746046,1.878776,-0.000000006383857,0.294343
11100.000000,548.178330,1.896595,0.000000015020760,0.293781
11200.000000,548.228638,1.897915,0.000000051816642,0.293487
11300.000000,554.917403,1.919654,0.000000085194870,0.293496
11400.000000,557.170921,1.928396,0.000000122600341,0.293316
11500.000000,552.942584,1.917670,0.000000135878167,0.292923
11600.000000,557.734005,1.928538,0.000000119380729,0.293647
11700.000000,558.087807,1.923583,0.000000098798864,0.294466
11800.000000,565.171886,1.943637,0.000000051382358,0.295237
11900.000000,565.757375,1.941797,0.000000031781155,0.296022
12000.000000,565.700592,1.935449,0.000000035635026,0.296751
12100.000000,564.164653,1.924326,0.000000022276708,0.297913
12200.000000,564.123488,1.924599,0.000000020293442,0.297861
12300.000000,562.853151,1.923574,0.000000012163810,0.297493
12400.000000,561.699526,1.918151,0.000000012301825,0.297759
12500.000000,558.576610,1.907245,0.000000022109475,0.298203
12600.000000,556.282544,1.898274,0.000000019736603,0.298536
12700.000000,552.367997,1.882920,0.000000047663661,0.299378
12800.000000,565.449592,1.920584,0.000000027200258,0.300336
12900.000000,562.336223,1.906685,0.000000004337494,0.301253
13000.000000,560.497584,1.895013,-0.000000013870590,0.302502
13100.000000,556.758367,1.872275,-0.000000000031378,0.304215
13200.000000,552.624901,1.859374,-0.000000011521365,0.304053
13300.000000,548.821761,1.850255,-0.000000002793627,0.303623
13400.000000,545.501184,1.844637,-0.000000004390586,0.302655
13500.000000,545.773012,1.847365,0.000000003945161,0.302393
13600.000000,544.713700,1.837550,0.000000025694931,0.303731
13700.000000,546.785330,1.841494,0.000000003883542,0.304420
13800.000000,543.006159,1.832557,-0.000000000214527,0.303940
13900.000000,544.667207,1.842628,-0.000000042779789,0.302976
14000.000000,543.146136,1.838285,-0.000000049791538,0.302870
14100.000000,543.809298,1.845042,-0.000000056630938,0.301963
14200.000000,540.248834,1.837123,-0.000000064815367,0.301255
14300.000000,537.375866,1.830840,-0.000000076501578,0.300629
14400.000000,537.760480,1.826889,-0.000000066981670,0.301766
14500.000000,540.941776,1.834541,-0.000000049372261,0.302452
14600.000000,541.541221,1.835194,-0.000000036970619,0.302910
14700.000000,539.870533,1.826369,-0.000000024588417,0.303514
14800.000000,536.538923,1.809548,-0.000000055659484,0.305026
14900.000000,533.836285,1.801673,-0.000000065107315,0.304964
15000.000000,532.852360,1.792120,0.000000010044573,0.306123
15100.000000,536.078014,1.805517,0.000000005812581,0.305586
15200.000000,534.576184,1.795874,0.000000012958026,0.306532
15300.000000,533.091391,1.787236,0.000000004901267,0.307065
15400.000000,542.871105,1.818738,-0.000000008927259,0.307108
15500.000000,539.962966,1.812581,-0.000000033703714,0.306528
15600.000000,536.564825,1.805658,0.000000009069595,0.305745
15700.000000,540.031928,1.819984,-0.000000076605488,0.305122
15800.000000,536.653393,1.812406,-0.000000073450906,0.304446
15900.000000,534.482011,1.807937,-0.000000083643840,0.303785
16000.000000,533.331521,1.805196,-0.000000085600391,0.303389
16100.000000,532.908007,1.802385,-0.000000164697667,0.303547
16200.000000,529.620376,1.793529,-0.000000194384484,0.303012
16300.000000,529.450021,1.792664,-0.000000213197040,0.302884
16400.000000,528.822642,1.794691,-0.000000215973387,0.302109
16500.000000,526.056870,1.789080,-0.000000246496256,0.301494
16600.000000,523.854398,1.777657,-0.000000237272502,0.302365
16700.000000,521.193466,1.763803,-0.000000257524903,0.303655
16800.000000,518.481746,1.756417,-0.000000223580741,0.303486
16900.000000,517.931146,1.748539,-0.000000215563205,0.304691
17000.000000,519.534486,1.747301,-0.000000199699343,0.305820
17100.000000,518.638854,1.746694,-0.000000159611091,0.305432
17200.000000,520.440708,1.755209,-0.000000102615104,0.304853
17300.000000,519.002754,1.751497,-0.000000116441811,0.304868
17400.000000,521.401642,1.755948,-0.000000107136771,0.305677
17500.000000,518.774223,1.744784,-0.000000082758220,0.306659
17600.000000,522.282651,1.755230,0.000000002676870,0.307048
17700.000000,519.440937,1.749550,-0.000000014270995,0.306383
17800.000000,521.495549,1.757868,-0.000000078425728,0.306054
17900.000000,523.481978,1.765133,-0.000000078741664,0.305870
18000.000000,524.103191,1.764245,-0.000000135376126,0.306323
18100.000000,522.105962,1.755495,-0.000000138109499,0.306557
18200.000000,519.239095,1.747384,-0.000000134433321,0.306171
18300.000000,516.405712,1.741779,-0.000000132604328,0.305488
18400.000000,520.312549,1.757514,-0.000000176341814,0.304855
18500.000000,518.376923,1.753890,-0.000000188674335,0.304302
18600.000000,519.160701,1.756972,-0.000000174396405,0.304081
18700.000000,519.875307,1.756649,-0.000000154948225,0.304482
18800.000000,523.087415,1.765907,-0.000000195308871,0.304545
18900.000000,520.937609,1.757496,-0.000000240285658,0.304865
19000.000000,518.820044,1.751759,-0.000000229244165,0.304733
19100.000000,527.696146,1.781645,-0.000000218025889,0.304649
19200.000000,526.360304,1.779699,-0.000000251631263,0.304258
19300.000000,524.625617,1.776305,-0.000000248547735,0.303856
19400.000000,524.312708,1.777787,-0.000000221741857,0.303377
19500.000000,524.024393,1.774752,-0.000000215792852,0.303646
19600.000000,527.240148,1.785857,-0.000000193937240,0.303568
19700.000000,526.947791,1.786250,-0.000000150154051,0.303393
19800.000000,535.448764,1.815452,-0.000000130803187,0.303314
19900.000000,533.742239,1.813153,-0.000000098798637,0.302634
20000.000000,531.092650,1.806323,-0.000000120673235,0.302318
20100.000000,531.645168,1.806857,-0.000000114932845,0.302460
20200.000000,529.014852,1.799131,-0.000000152376288,0.302258
20300.000000,528.437902,1.795804,-0.000000194125278,0.302464
20400.000000,531.217773,1.804998,-0.000000231428544,0.302448
20500.000000,532.463230,1.811267,-0.000000238966891,0.302074
20600.000000,531.297842,1.810285,-0.000000258154387,0.301505
20700.000000,529.301519,1.806948,-0.000000265227186,0.300857
20800.000000,529.174049,1.807683,-0.000000304380251,0.300683
20900.000000,526.852834,1.799695,-0.000000300086640,0.300774
21000.000000,529.202901,1.807559,-0.000000302554554,0.300687
21100.000000,529.581691,1.808890,-0.000000327283033,0.300746
21200.000000,531.531246,1.816625,-0.000000324649250,0.300548
21300.000000,536.393529,1.832900,-0.000000329852469,0.300697
21400.000000,538.620930,1.839639,-0.000000339068606,0.300963
21500.000000,536.454777,1.832020,-0.000000313654596,0.301140
21600.000000,535.948599,1.831558,-0.000000291824108,0.300999
21700.000000,542.997664,1.855640,-0.000000323886638,0.301074
21800.000000,541.127667,1.851655,-0.000000337519282,0.300704
21900.000000,542.263300,1.856882,-0.000000358249281,0.300479
22000.000000,541.060735,1.856102,-0.000000371840656,0.299846
22100.000000,539.072611,1.849669,-0.000000340177735,0.299890
22200.000000,538.588263,1.848756,-0.000000369350118,0.299704
22300.000000,538.519713,1.848913,-0.000000438337679,0.299703
22400.000000,538.043564,1.845109,-0.000000436913183,0.300052
22500.000000,537.828680,1.840700,-0.000000380808615,0.300895
22600.000000,535.814734,1.835992,-0.000000406722734,0.300556
22700.000000,537.579809,1.844362,-0.000000395516281,0.300068
22800.000000,536.546326,1.843773,-0.000000446712647,0.299522
22900.000000,540.454592,1.857042,-0.000000512097699,0.299331
23000.000000,540.381926,1.856433,-0.000000578894969,0.299314
23100.000000,540.763471,1.857507,-0.000000561018965,0.299375
23200.000000,542.098325,1.860995,-0.000000617407750,0.299684
23300.000000,540.969567,1.857221,-0.000000572278736,0.299736
23400.000000,540.179384,1.857263,-0.000000489064064,0.299257
23500.000000,541.061923,1.862156,-0.000000452039330,0.298903
23600.000000,539.190458,1.855763,-0.000000401298507,0.298879
23700.000000,537.399748,1.852040,-0.000000420064794,0.298401
23800.000000,535.290125,1.845531,-0.000000358634338,0.298253
23900.000000,536.064048,1.842892,-0.000000256309136,0.299059
24000.000000,534.530941,1.836668,-0.000000313291707,0.299349
24100.000000,536.372498,1.841857,-0.000000336895368,0.299612
24200.000000,536.402065,1.839718,-0.000000359135697,0.299964
24300.000000,542.839814,1.861439,-0.000000354597091,0.299808
24400.000000,544.270418,1.868045,-0.000000305726871,0.299562
24500.000000,544.237644,1.868494,-0.000000273466185,0.299547
24600.000000,543.834655,1.863704,-0.000000208816800,0.300245
24700.000000,542.772211,1.861928,-0.000000138511837,0.299994
24800.000000,545.132631,1.871032,-0.000000152426196,0.299728
24900.000000,543.978513,1.866874,-0.000000172702130,0.299816
25000.000000,543.473155,1.865606,-0.000000211789029,0.299846
25100.000000,545.082087,1.872583,-0.000000131599336,0.299535
25200.000000,545.456034,1.874465,-0.000000047489834,0.299343
25300.000000,544.776402,1.871347,-0.000000057791908,0.299517
25400.000000,552.695988,1.898459,-0.000000024100018,0.299452
25500.000000,552.175933,1.896431,-0.000000069216526,0.299551
25600.000000,554.128005,1.899808,0.000000053318331,0.299959
25700.000000,554.126275,1.896409,0.000000114772547,0.300615
25800.000000,553.430637,1.894082,0.000000173493504,0.300636
25900.000000,552.956181,1.893925,0.000000198379666,0.300421
26000.000000,553.570047,1.895562,0.000000244459898,0.300584
26100.000000,554.925711,1.900154,0.000000311846748,0.300605
26200.000000,554.586546,1.897078,0.000000387435080,0.300962
26300.000000,552.810090,1.892249,0.000000454955966,0.300791
26400.000000,556.810559,1.906422,0.000000452568202,0.300621
26500.000000,556.166574,1.903292,0.000000357280896,0.300788
26600.000000,558.825058,1.910413,0.000000307240839,0.301052
26700.000000,560.756987,1.917205,0.000000247164849,0.301010
26800.000000,559.997615,1.916276,0.000000203415425,0.300780
26900.000000,560.546028,1.917104,0.000000126889518,0.300936
27000.000000,558.885352,1.913526,0.000000102800414,0.300594
27100.000000,557.074906,1.910492,0.000000107867777,0.300031
27200.000000,555.027407,1.906913,0.000000072042894,0.299450
27300.000000,554.943421,1.907100,0.000000032831167,0.299294
27400.000000,555.123084,1.907406,-0.000000011856628,0.299424
27500.000000,559.084655,1.922308,-0.000000080772793,0.299096
27600.000000,558.111117,1.918126,-0.000000132449486,0.299177
27700.000000,557.384795,1.916544,-0.000000152124699,0.298888
27800.000000,559.183683,1.921117,-0.000000207055336,0.299106
27900.000000,559.768242,1.922950,-0.000000240205850,0.299084
28000.000000,558.964001,1.918866,-0.000000266790380,0.299163
28100.000000,558.808448,1.916160,-0.000000311964641,0.299521
28200.000000,558.971395,1.911605,-0.000000272911620,0.300385
28300.000000,557.000485,1.904044,-0.000000320576419,0.300734
28400.000000,559.044072,1.910176,-0.000000345478725,0.300944
28500.000000,559.138676,1.909998,-0.000000413123985,0.301074
28600.000000,558.144372,1.904705,-0.000000372088380,0.301136
28700.000000,558.393359,1.903597,-0.000000342437261,0.301465
28800.000000,559.089877,1.906508,-0.000000362710580,0.301371
28900.000000,559.016235,1.905858,-0.000000362640208,0.301442
29000.000000,558.081248,1.902023,-0.000000316401156,0.301468
29100.000000,557.130962,1.895376,-0.000000314619228,0.301990
29200.000000,559.017757,1.900226,-0.000000317253011,0.302182
29300.000000,557.545543,1.897694,-0.000000318679099,0.301776
29400.000000,557.076411,1.897651,-0.000000321129733,0.301512
29500.000000,555.210238,1.893644,-0.000000317508807,0.301162
29600.000000,555.197161,1.893978,-0.000000320603021,0.301123
29700.000000,555.350352,1.893487,-0.000000299229669,0.301353
29800.000000,556.029157,1.896863,-0.000000282973019,0.301132
29900.000000,554.919584,1.894141,-0.000000277416916,0.301018
30000.000000,555.649758,1.897097,-0.000000279663368,0.300962
30100.000000,555.716375,1.897715,-0.000000232921934,0.300859
30200.000000,556.361293,1.900167,-0.000000146519142,0.300796
30300.000000,554.835168,1.893745,-0.000000182782173,0.301119
30400.000000,566.541426,1.934336,-0.000000121949029,0.300953
30500.000000,564.848655,1.930398,-0.000000126891564,0.300714
30600.000000,564.476916,1.927780,-0.000000050638619,0.301054
30700.000000,564.084403,1.926133,-0.000000004361709,0.301136
30800.000000,563.791783,1.925133,-0.000000003689365,0.301049
30900.000000,561.967961,1.921058,-0.000000001019657,0.300677
31000.000000,561.412800,1.920014,0.000000078735184,0.300450
31100.000000,561.119509,1.919572,0.000000106893253,0.300275
31200.000000,560.314445,1.915850,0.000000227552505,0.300518
31300.000000,558.708755,1.912306,0.000000182306508,0.300190
31400.000000,557.500147,1.910531,0.000000115123044,0.299792
31500.000000,556.999691,1.908365,0.000000183773977,0.299842
31600.000000,556.627497,1.907932,0.000000113843498,0.299672
31700.000000,555.155916,1.903752,0.000000108752602,0.299553
31800.000000,554.977458,1.901258,0.000000154922191,0.299849
31900.000000,554.858941,1.898234,0.000000214228407,0.300386
32000.000000,556.450560,1.903675,0.000000272726197,0.300407
32100.000000,561.548027,1.923068,0.000000340017095,0.299996
32200.000000,561.126383,1.923928,0.000000427668851,0.299561
32300.000000,559.889556,1.922056,0.000000508812036,0.299122
32400.000000,559.467571,1.919622,0.000000608600885,0.299274
32500.000000,558.224147,1.910919,0.000000706984338,0.299937
32600.000000,561.725437,1.920903,0.000000815841645,0.300188
32700.000000,560.946164,1.913952,0.000000832945489,0.300898
32800.000000,564.005222,1.921039,0.000000854603854,0.301543
32900.000000,562.495669,1.914895,0.000000779810080,0.301754
33000.000000,561.653196,1.910088,0.000000648806576,0.301957
33100.000000,560.118349,1.905740,0.000000661150239,0.301865
33200.000000,565.261334,1.923391,0.000000668526923,0.301726
33300.000000,567.952907,1.933767,0.000000734717105,0.301444
33400.000000,568.275015,1.933559,0.000000732762032,0.301643
33500.000000,566.801157,1.929950,0.000000663695118,0.301453
33600.000000,566.811622,1.930421,0.000000705271759,0.301407
33700.000000,565.368892,1.924833,0.000000707475579,0.301605
33800.000000,565.461844,1.926879,0.000000721806373,0.301266
33900.000000,563.957463,1.921777,0.000000701682325,0.301404
34000.000000,563.876441,1.922103,0.000000711367875,0.301356
34100.000000,562.786613,1.915163,0.000000776339220,0.301976
34200.000000,561.682512,1.910011,0.000000757989483,0.302190
34300.000000,561.411946,1.907546,0.000000725524501,0.302432
34400.000000,562.312045,1.908211,0.000000821461867,0.302831
34500.000000,560.740726,1.901513,0.000000866487994,0.303233
34600.000000,559.242942,1.896311,0.000000881852088,0.303432
34700.000000,558.275592,1.893628,0.000000919792683,0.303413
34800.000000,559.482317,1.897074,0.000000922447271,0.303595
34900.000000,561.295311,1.902899,0.000000980083200,0.303690
35000.000000,564.054916,1.912310,0.000000978739081,0.303678
35100.000000,563.166812,1.909376,0.000000996957056,0.303722
35200.000000,562.749833,1.906116,0.000000943201485,0.304048
35300.000000,561.738939,1.901145,0.000000992895480,0.304253
35400.000000,560.564844,1.898038,0.000000961650926,0.304176
35500.000000,559.283210,1.895493,0.000000915905389,0.303885
35600.000000,558.174038,1.893245,0.000000871502039,0.303677
35700.000000,558.168790,1.894156,0.000000977983518,0.303540
35800.000000,556.909221,1.889307,0.000000977981585,0.303719
35900.000000,557.926131,1.892955,0.000001039796416,0.303784
36000.000000,557.032412,1.892196,0.000001096410642,0.303368

Elementos na lista:2LISTA: 
inicio:35962.370692 fim:36156.609494   prox:36000.030692
inicio:35976.058636 fim:36045.734647   prox:35976.058636
